0 30
1 37
2 44
3 44
4 44
5 44 
6 44
7 44
8 44
9 44
10 45
11 45
12 45
13 45
14 45
15 45
16 45
17 45
18 45
19 45
20 45
21 45
22 45
23 45
24 45
25 45
26 45
27 45
28 45
29 45
30 45
31 45
32 45
33 45
34 45
35 45
36 45
37 45
38 45
39 45
40 45
41 45
42 45
43 45
44 45
45 45
46 45
47 45
48 45
49 45
50 45
51 45 
52 45
53 45
54 45
55 45
56 45
57 45
58 45
59 46
60 46
61 46
62 46
63 46
64 46
65 46
66 46
67 46
68 46
69 46
70 46
71 46
72 46
73 46
74 46
75 46
76 46
77 46
78 46
79 46
80 46
81 46
82 46
83 46
84 46
85 48
86 48
87 48
88 48
89 48
90 48
91 48
92 48
93 48
94 48
95 48
96 48
97 51
98 51
99 51
100 51