1 14
2 14
3 19
4 19
5 19
6 19
7 19
8 19
9 19
10 19
11 19
12 19
13 19
14 19
15 19
16 19
17 19
18 19
19 19
20 19
21 19
22 19
23 19
24 19
25 19
26 19
27 19
28 19
29 19
30 19
31 19
32 19
33 19
34 19
35 19
36 19
37 19
38 19
39 19
40 19
41 19
42 19
43 19
44 19
45 19
46 19
47 19
48 19
49 19
50 19
51 19
52 19
53 19
54 19
55 19
56 19
57 19
58 19
59 19
60 19
61 19
62 19
63 19
64 21
65 21
66 21
67 21
68 21
69 21
70 21
71 21
72 21
73 21
74 21
75 21
76 21
77 21
78 21
79 21
80 21
81 21
82 21
83 21
84 21
85 21
86 21
87 21
88 21
89 21
90 21
91 21
92 21
93 21
94 21
95 21
96 21
97 21
98 21
99 21
100 21
101 21
102 21
103 21
104 21
105 21
106 21
107 21
108 21
109 21
110 21
111 21
112 21
113 21
114 21
115 21
116 21
117 21
118 21
119 21
120 21
121 21
122 21
123 21
124 21
125 21
126 21
127 21
128 21
129 21
130 21
131 21
132 21
133 21
134 21
135 21
136 21
137 21
138 21
139 21
140 21
141 21
142 21
143 21
144 21
145 21
146 21
147 21
148 21
149 21
150 21
151 21
152 21
153 21
154 21
155 21
156 21
157 21
158 21
159 21
160 21
161 21
162 21
163 21
164 21
165 21
166 21
167 21
168 21
169 21
170 21
171 21
172 21
173 21
174 21
175 21
176 21
177 21
178 21
179 21
180 21
181 21
182 21
183 21
184 21
185 21
186 21
187 21
188 21
189 21
190 21
191 21
192 21
193 21
194 21
195 21
196 21
197 21
198 21
199 21
200 21
201 21
202 21
203 21
204 21
205 21
206 21
207 21
208 21
209 21
210 21
211 21
212 21
213 21
214 21
215 21
216 21
217 21
218 21
219 21
220 21
221 21
222 21
223 21
224 21
225 21
226 21
227 21
228 21
229 21
230 21
231 21
232 21
233 21
234 22
235 22
236 22
237 22
238 22
239 22
240 22
241 22
242 23
243 23
244 23
245 23
246 23
247 23
248 23
249 23
250 23
251 23
252 23
253 23
254 23
255 23
256 23
257 23
258 23
259 23
260 23
261 23
262 23
263 23
264 23
265 23
266 23
267 23
268 23
269 23
270 23
271 23
272 23
273 23
274 23
275 23
276 23
277 23
278 23
279 23
280 23
281 23
282 23
283 23
284 23
285 23
286 23
287 23
288 23
289 23
290 23
291 23
292 23
293 23
294 23
295 23
296 23
297 23
298 23
299 23
300 23
301 23
302 23
303 23
304 23
305 23
306 23
307 23
308 23
309 23
310 23
311 23
312 23
313 23
314 23
315 23
316 23
317 23
318 23
319 23
320 23
321 23
322 23
323 23
324 23
325 23
326 23
327 23
328 23
329 23
330 23
331 23
332 23
333 23
334 23
335 23
336 23
337 23
338 23
339 23
340 23
341 23
342 23
343 23
344 23
345 23
346 23
347 23
348 23
349 23
350 23
351 23
352 23
353 23
354 23
355 23
356 23
357 23
358 23
359 23
360 23
361 23
362 23
363 23
364 23
365 23
366 23
367 23
368 23
369 23
370 23
371 23
372 23
373 23
374 23
375 23
376 23
377 23
378 23
379 23
380 23
381 23
382 23
383 23
384 23
385 23
386 23
387 23
388 23
389 23
390 23
391 23
392 23
393 23
394 23
395 23
396 23
397 23
398 23
399 23
400 23
401 23
402 23
403 23
404 23
405 23
406 23
407 23
408 23
409 23
410 23
411 23
412 23
413 23
414 23
415 23
416 23
417 23
418 23
419 23
420 23
421 23
422 23
423 23
424 23
425 23
426 23
427 23
428 23
429 23
430 23
431 23
432 23
433 23
434 23
435 23
436 23
437 23
438 23
439 23
440 23
441 23
442 23
443 23
444 23
445 23
446 23
447 23
448 23
449 23
450 23
451 23
452 23
453 23
454 23
455 23
456 23
457 23
458 23
459 23
460 23
461 23
462 23
463 23
464 23
465 23
466 23
467 23
468 23
469 23
470 23
471 23
472 23
473 23
474 23
475 23
476 23
477 23
478 23
479 23
480 23
481 23
482 23
483 23
484 23
485 23
486 23
487 23
488 23
489 23
490 23
491 23
492 23
493 23
494 23
495 23
496 23
497 23
498 23
499 23
500 23
501 23
502 23
503 23
504 23
505 23
506 23
507 23
508 23
509 23
510 23
511 23
512 23
513 23
514 23
515 23
516 23
517 23
518 23
519 23
520 23
521 23
522 23
523 23
524 23
525 23
526 23
527 23
528 23
529 23
530 23
531 23
532 23
533 23
534 23
535 23
536 23
537 23
538 23
539 23
540 23
541 23
542 23
543 23
544 23
545 23
546 23
547 23
548 23
549 23
550 23
551 23
552 23
553 23
554 23
555 23
556 23
557 23
558 23
559 23
560 23
561 23
562 23
563 23
564 23
565 23
566 23
567 23
568 23
569 23
570 23
571 23
572 23
573 23
574 23
575 23
576 23
577 23
578 23
579 23
580 23
581 23
582 23
583 23
584 23
585 23
586 23
587 23
588 23
589 23
590 23
591 23
592 23
593 23
594 23
595 23
596 23
597 23
598 23
599 23
600 23
601 23
602 23
603 23
604 23
605 23
606 23
607 23
608 23
609 23
610 23
611 23
612 23
613 23
614 23
615 23
616 23
617 23
618 23
619 23
620 23
621 23
622 23
623 23
624 23
625 23
626 23
627 23
628 23
629 23
630 23
631 23
632 23
633 23
634 23
635 23
636 23
637 23
638 23
639 23
640 23
641 23
642 23
643 23
644 23
645 23
646 23
647 23
648 23
649 23
650 23
651 23
652 23
653 23
654 23
655 23
656 23
657 23
658 23
659 23
660 23
661 23
662 23
663 23
664 23
665 23
666 23
667 23
668 23
669 23
670 23
671 23
672 23
673 23
674 23
675 23
676 23
677 23
678 23
679 23
680 23
681 23
682 23
683 23
684 23
685 23
686 23
687 23
688 23
689 23
690 23
691 23
692 23
693 23
694 23
695 23
696 23
697 23
698 23
699 23
700 23
701 23
702 23
703 23
704 23
705 23
706 23
707 23
708 23
709 23
710 23
711 23
712 23
713 23
714 23
715 23
716 23
717 23
718 23
719 23
720 23
721 23
722 23
723 23
724 23
725 23
726 23
727 23
728 23
729 23
730 23
731 23
732 23
733 23
734 23
735 23
736 23
737 23
738 23
739 23
740 23
741 23
742 23
743 23
744 23
745 23
746 23
747 23
748 23
749 23
750 23
751 23
752 23
753 23
754 23
755 23
756 23
757 23
758 23
759 23
760 23
761 23
762 23
763 23
764 23
765 23
766 23
767 23
768 23
769 23
770 23
771 23
772 23
773 23
774 23
775 23
776 23
777 23
778 23
779 23
780 23
781 23
782 23
783 23
784 23
785 23
786 23
787 23
788 23
789 23
790 23
791 23
792 23
793 23
794 23
795 23
796 23
797 23
798 23
799 23
800 23
801 23
802 23
803 23
804 23
805 23
806 23
807 23
808 23
809 23
810 23
811 23
812 23
813 23
814 23
815 23
816 23
817 23
818 23
819 23
820 23
821 23
822 23
823 23
824 23
825 23
826 23
827 23
828 23
829 23
830 23
831 23
832 23
833 23
834 23
835 23
836 23
837 23
838 23
839 23
840 23
841 23
842 23
843 23
844 23
845 23
846 23
847 23
848 23
849 23
850 23
851 23
852 23
853 23
854 23
855 23
856 23
857 23
858 23
859 23
860 23
861 23
862 23
863 23
864 23
865 23
866 23
867 23
868 23
869 23
870 23
871 23
872 23
873 23
874 23
875 23
876 23
877 23
878 23
879 23
880 23
881 23
882 23
883 23
884 23
885 23
886 23
887 23
888 23
889 23
890 23
891 23
892 23
893 23
894 23
895 23
896 23
897 23
898 23
899 23
900 23
901 23
902 23
903 23
904 23
905 23
906 23
907 23
908 23
909 23
910 23
911 23
912 23
913 23
914 23
915 23
916 23
917 23
918 23
919 23
920 23
921 23
922 23
923 23
924 23
925 23
926 23
927 23
928 23
929 23
930 23
931 23
932 23
933 23
934 23
935 23
936 23
937 23
938 23
939 23
940 23
941 23
942 23
943 23
944 23
945 23
946 23
947 23
948 23
949 23
950 23
951 23
952 23
953 23
954 23
955 23
956 23
957 23
958 23
959 23
960 23
961 23
962 23
963 23
964 23
965 23
966 23
967 23
968 23
969 23
970 23
971 23
972 23
973 23
974 23
975 23
976 23
977 23
978 23
979 23
980 23
981 23
982 23
983 23
984 23
985 23
986 23
987 23
988 23
989 23
990 23
991 23
992 23
993 23
994 23
995 23
996 23
997 23
998 23
999 23
1000 23
1001 23
1002 23
1003 23
1004 23
1005 23
1006 23
1007 23
1008 23
1009 23
1010 23
1011 23
1012 23
1013 23
1014 23
1015 23
1016 23
1017 23
1018 23
1019 23
1020 23
1021 23
1022 23
1023 23
1024 23
1025 23
1026 23
1027 23
1028 23
1029 23
1030 23
1031 23
1032 23
1033 23
1034 23
1035 23
1036 23
1037 23
1038 23
1039 23
1040 23
1041 23
1042 23
1043 23
1044 23
1045 23
1046 23
1047 23
1048 23
1049 23
1050 23
1051 23
1052 23
1053 23
1054 23
1055 23
1056 23
1057 23
1058 23
1059 23
1060 23
1061 23
1062 23
1063 23
1064 23
1065 23
1066 23
1067 23
1068 23
1069 23
1070 23
1071 23
1072 23
1073 23
1074 23
1075 23
1076 23
1077 23
1078 23
1079 23
1080 23
1081 23
1082 23
1083 23
1084 23
1085 23
1086 23
1087 23
1088 23
1089 23
1090 23
1091 23
1092 23
1093 23
1094 23
1095 23
1096 23
1097 23
1098 23
1099 23
1100 23
1101 23
1102 23
1103 23
1104 23
1105 23
1106 23
1107 23
1108 23
1109 23
1110 23
1111 23
1112 23
1113 23
1114 23
1115 23
1116 23
1117 23
1118 23
1119 23
1120 23
1121 23
1122 23
1123 23
1124 23
1125 23
1126 23
1127 23
1128 23
1129 23
1130 23
1131 23
1132 23
1133 23
1134 23
1135 23
1136 23
1137 23
1138 23
1139 23
1140 23
1141 23
1142 23
1143 23
1144 23
1145 23
1146 23
1147 23
1148 23
1149 23
1150 23
1151 23
1152 23
1153 23
1154 23
1155 23
1156 23
1157 23
1158 23
1159 23
1160 23
1161 23
1162 23
1163 23
1164 23
1165 23
1166 23
1167 23
1168 23
1169 23
1170 23
1171 23
1172 23
1173 23
1174 23
1175 23
1176 23
1177 23
1178 23
1179 23
1180 23
1181 23
1182 23
1183 23
1184 23
1185 23
1186 23
1187 23
1188 23
1189 23
1190 23
1191 23
1192 23
1193 23
1194 23
1195 23
1196 23
1197 23
1198 23
1199 23
1200 23
1201 23
1202 23
1203 23
1204 23
1205 23
1206 23
1207 23
1208 23
1209 23
1210 23
1211 23
1212 23
1213 23
1214 23
1215 23
1216 23
1217 23
1218 23
1219 23
1220 23
1221 23
1222 23
1223 23
1224 23
1225 23
1226 23
1227 23
1228 23
1229 23
1230 23
1231 23
1232 23
1233 23
1234 23
1235 23
1236 23
1237 23
1238 23
1239 23
1240 23
1241 23
1242 23
1243 23
1244 23
1245 23
1246 23
1247 23
1248 23
1249 23
1250 23
1251 23
1252 23
1253 23
1254 23
1255 23
1256 23
1257 23
1258 23
1259 23
1260 23
1261 23
1262 23
1263 23
1264 23
1265 23
1266 23
1267 23
1268 23
1269 23
1270 23
1271 23
1272 23
1273 23
1274 23
1275 23
1276 23
1277 23
1278 23
1279 23
1280 23
1281 23
1282 23
1283 23
1284 23
1285 23
1286 23
1287 23
1288 23
1289 23
1290 23
1291 23
1292 23
1293 23
1294 23
1295 23
1296 23
1297 23
1298 23
1299 23
1300 23
1301 23
1302 23
1303 23
1304 23
1305 23
1306 23
1307 23
1308 23
1309 23
1310 23
1311 23
1312 23
1313 23
1314 23
1315 23
1316 23
1317 23
1318 23
1319 23
1320 23
1321 23
1322 23
1323 23
1324 23
1325 23
1326 23
1327 23
1328 23
1329 23
1330 23
1331 23
1332 23
1333 23
1334 23
1335 23
1336 23
1337 23
1338 23
1339 23
1340 23
1341 23
1342 23
1343 23
1344 23
1345 23
1346 23
1347 23
1348 23
1349 23
1350 23
1351 23
1352 23
1353 23
1354 23
1355 23
1356 23
1357 23
1358 23
1359 23
1360 23
1361 23
1362 23
1363 23
1364 23
1365 23
1366 23
1367 23
1368 23
1369 23
1370 23
1371 23
1372 23
1373 23
1374 23
1375 23
1376 23
1377 23
1378 23
1379 23
1380 23
1381 23
1382 23
1383 23
1384 23
1385 23
1386 23
1387 23
1388 23
1389 23
1390 23
1391 23
1392 23
1393 23
1394 23
1395 23
1396 23
1397 23
1398 23
1399 23
1400 23
1401 23
1402 23
1403 23
1404 23
1405 23
1406 23
1407 23
1408 23
1409 23
1410 23
1411 23
1412 23
1413 23
1414 23
1415 23
1416 23
1417 23
1418 23
1419 23
1420 23
1421 23
1422 23
1423 23
1424 23
1425 23
1426 23
1427 23
1428 23
1429 23
1430 23
1431 23
1432 23
1433 23
1434 23
1435 23
1436 23
1437 23
1438 23
1439 23
1440 23
1441 23
1442 23
1443 23
1444 23
1445 23
1446 23
1447 23
1448 23
1449 23
1450 23
1451 23
1452 23
1453 23
1454 23
1455 23
1456 23
1457 23
1458 23
1459 23
1460 23
1461 23
1462 23
1463 23
1464 23
1465 23
1466 23
1467 23
1468 23
1469 23
1470 23
1471 23
1472 23
1473 23
1474 23
1475 23
1476 23
1477 23
1478 23
1479 23
1480 23
1481 23
1482 23
1483 23
1484 23
1485 23
1486 23
1487 23
1488 23
1489 23
1490 23
1491 23
1492 23
1493 23
1494 23
1495 23
1496 23
1497 23
1498 23
1499 23
1500 23
1501 23
1502 23
1503 23
1504 23
1505 23
1506 23
1507 23
1508 23
1509 23
1510 23
1511 23
1512 23
1513 23
1514 23
1515 23
1516 23
1517 23
1518 23
1519 23
1520 23
1521 23
1522 23
1523 23
1524 23
1525 23
1526 23
1527 23
1528 23
1529 23
1530 23
1531 23
1532 23
1533 23
1534 23
1535 23
1536 23
1537 23
1538 23
1539 23
1540 23
1541 23
1542 23
1543 23
1544 23
1545 23
1546 23
1547 23
1548 23
1549 23
1550 23
1551 23
1552 23
1553 23
1554 23
1555 23
1556 23
1557 23
1558 23
1559 23
1560 23
1561 23
1562 23
1563 23
1564 23
1565 23
1566 23
1567 23
1568 23
1569 23
1570 23
1571 23
1572 23
1573 23
1574 23
1575 23
1576 23
1577 23
1578 23
1579 23
1580 23
1581 23
1582 23
1583 23
1584 23
1585 23
1586 23
1587 23
1588 23
1589 23
1590 23
1591 23
1592 23
1593 24
1594 24
1595 24
1596 24
1597 24
1598 24
1599 24
1600 24
1601 24
1602 24
1603 24
1604 24
1605 24
1606 24
1607 24
1608 24
1609 24
1610 24
1611 24
1612 24
1613 24
1614 24
1615 24
1616 24
1617 24
1618 24
1619 24
1620 24
1621 24
1622 24
1623 24
1624 24
1625 24
1626 24
1627 24
1628 24
1629 24
1630 24
1631 24
1632 24
1633 24
1634 24
1635 24
1636 24
1637 24
1638 24
1639 24
1640 24
1641 24
1642 24
1643 24
1644 24
1645 24
1646 24
1647 24
1648 24
1649 24
1650 24
1651 24
1652 24
1653 24
1654 24
1655 24
1656 24
1657 24
1658 24
1659 24
1660 24
1661 24
1662 24
1663 24
1664 24
1665 24
1666 24
1667 24
1668 24
1669 24
1670 24
1671 24
1672 24
1673 24
1674 24
1675 24
1676 24
1677 24
1678 24
1679 24
1680 24
1681 24
1682 24
1683 24
1684 24
1685 24
1686 24
1687 24
1688 24
1689 24
1690 24
1691 24
1692 24
1693 24
1694 24
1695 24
1696 24
1697 24
1698 24
1699 24
1700 24
1701 24
1702 24
1703 24
1704 24
1705 24
1706 24
1707 24
1708 24
1709 24
1710 24
1711 24
1712 24
1713 24
1714 24
1715 24
1716 24
1717 24
1718 24
1719 24
1720 24
1721 24
1722 24
1723 24
1724 24
1725 24
1726 24
1727 24
1728 24
1729 24
1730 24
1731 24
1732 24
1733 24
1734 24
1735 24
1736 24
1737 24
1738 24
1739 24
1740 24
1741 24
1742 24
1743 24
1744 24
1745 24
1746 24
1747 24
1748 24
1749 24
1750 24
1751 24
1752 24
1753 24
1754 24
1755 24
1756 24
1757 24
1758 24
1759 24
1760 24
1761 24
1762 24
1763 24
1764 24
1765 24
1766 24
1767 24
1768 24
1769 24
1770 24
1771 24
1772 24
1773 24
1774 24
1775 24
1776 24
1777 24
1778 24
1779 24
1780 24
1781 24
1782 24
1783 24
1784 24
1785 24
1786 24
1787 24
1788 24
1789 24
1790 24
1791 24
1792 24
1793 24
1794 24
1795 24
1796 24
1797 24
1798 24
1799 24
1800 24
1801 24
1802 24
1803 24
1804 24
1805 24
1806 24
1807 24
1808 24
1809 24
1810 24
1811 24
1812 24
1813 24
1814 24
1815 24
1816 24
1817 24
1818 24
1819 24
1820 24
1821 24
1822 24
1823 24
1824 24
1825 24
1826 24
1827 24
1828 24
1829 24
1830 24
1831 24
1832 24
1833 24
1834 24
1835 24
1836 24
1837 24
1838 24
1839 24
1840 24
1841 24
1842 24
1843 24
1844 24
1845 24
1846 24
1847 24
1848 24
1849 24
1850 24
1851 24
1852 24
1853 24
1854 24
1855 24
1856 24
1857 24
1858 24
1859 24
1860 24
1861 24
1862 24
1863 24
1864 24
1865 24
1866 24
1867 24
1868 24
1869 24
1870 24
1871 24
1872 24
1873 24
1874 24
1875 24
1876 24
1877 24
1878 24
1879 24
1880 24
1881 24
1882 24
1883 24
1884 24
1885 24
1886 24
1887 24
1888 24
1889 24
1890 24
1891 24
1892 24
1893 24
1894 24
1895 24
1896 24
1897 24
1898 24
1899 24
1900 24
1901 24
1902 24
1903 24
1904 24
1905 24
1906 24
1907 24
1908 24
1909 24
1910 24
1911 24
1912 24
1913 24
1914 24
1915 24
1916 24
1917 24
1918 24
1919 24
1920 24
1921 24
1922 24
1923 24
1924 24
1925 24
1926 24
1927 24
1928 24
1929 24
1930 24
1931 24
1932 24
1933 24
1934 24
1935 24
1936 24
1937 24
1938 24
1939 24
1940 24
1941 24
1942 24
1943 24
1944 24
1945 24
1946 24
1947 24
1948 24
1949 24
1950 24
1951 24
1952 24
1953 24
1954 24
1955 24
1956 24
1957 24
1958 24
1959 24
1960 24
1961 24
1962 24
1963 24
1964 24
1965 24
1966 24
1967 24
1968 24
1969 24
1970 24
1971 24
1972 24
1973 24
1974 24
1975 24
1976 24
1977 24
1978 24
1979 24
1980 24
1981 24
1982 24
1983 24
1984 24
1985 24
1986 24
1987 24
1988 24
1989 24
1990 24
1991 24
1992 24
1993 24
1994 24
1995 24
1996 24
1997 24
1998 24
1999 24
2000 24
2001 24
2002 24
2003 24
2004 24
2005 24
2006 24
2007 24
2008 24
2009 24
2010 24
2011 24
2012 24
2013 24
2014 24
2015 24
2016 24
2017 24
2018 24
2019 24
2020 24
2021 24
2022 24
2023 24
2024 24
2025 24
2026 24
2027 24
2028 24
2029 24
2030 24
2031 24
2032 24
2033 24
2034 24
2035 24
2036 24
2037 24
2038 24
2039 24
2040 24
2041 24
2042 24
2043 24
2044 24
2045 24
2046 24
2047 24
2048 24
2049 24
2050 24
2051 24
2052 24
2053 24
2054 24
2055 24
2056 24
2057 24
2058 24
2059 24
2060 24
2061 24
2062 24
2063 24
2064 24
2065 24
2066 24
2067 24
2068 24
2069 24
2070 24
2071 24
2072 24
2073 24
2074 24
2075 24
2076 24
2077 24
2078 24
2079 24
2080 24
2081 24
2082 24
2083 24
2084 24
2085 24
2086 24
2087 24
2088 24
2089 24
2090 24
2091 24
2092 24
2093 24
2094 24
2095 24
2096 24
2097 24
2098 24
2099 24
2100 24
2101 24
2102 24
2103 24
2104 24
2105 24
2106 24
2107 24
2108 24
2109 24
2110 24
2111 24
2112 24
2113 24
2114 24
2115 24
2116 24
2117 24
2118 24
2119 24
2120 24
2121 24
2122 24
2123 24
2124 24
2125 24
2126 24
2127 24
2128 24
2129 24
2130 24
2131 24
2132 24
2133 24
2134 24
2135 24
2136 24
2137 24
2138 24
2139 24
2140 24
2141 24
2142 24
2143 24
2144 24
2145 24
2146 24
2147 24
2148 24
2149 24
2150 24
2151 24
2152 24
2153 24
2154 24
2155 24
2156 24
2157 24
2158 24
2159 24
2160 24
2161 24
2162 24
2163 24
2164 24
2165 24
2166 24
2167 24
2168 24
2169 24
2170 24
2171 24
2172 24
2173 24
2174 24
2175 24
2176 24
2177 24
2178 24
2179 24
2180 24
2181 24
2182 24
2183 24
2184 24
2185 24
2186 24
2187 24
2188 24
2189 24
2190 24
2191 24
2192 24
2193 24
2194 24
2195 24
2196 24
2197 24
2198 24
2199 24
2200 24
2201 24
2202 24
2203 24
2204 24
2205 24
2206 24
2207 24
2208 24
2209 24
2210 24
2211 24
2212 24
2213 24
2214 24
2215 24
2216 24
2217 24
2218 24
2219 24
2220 24
2221 24
2222 24
2223 24
2224 24
2225 24
2226 24
2227 24
2228 24
2229 24
2230 24
2231 24
2232 24
2233 24
2234 24
2235 24
2236 24
2237 24
2238 24
2239 24
2240 24
2241 24
2242 24
2243 24
2244 24
2245 24
2246 24
2247 24
2248 24
2249 24
2250 24
2251 24
2252 24
2253 24
2254 24
2255 24
2256 24
2257 24
2258 24
2259 24
2260 24
2261 24
2262 24
2263 24
2264 24
2265 24
2266 24
2267 24
2268 24
2269 24
2270 24
2271 24
2272 24
2273 24
2274 24
2275 24
2276 24
2277 24
2278 24
2279 24
2280 24
2281 24
2282 24
2283 24
2284 24
2285 24
2286 24
2287 24
2288 24
2289 24
2290 24
2291 24
2292 24
2293 24
2294 24
2295 24
2296 24
2297 24
2298 24
2299 24
2300 24
2301 24
2302 24
2303 24
2304 24
2305 24
2306 24
2307 24
2308 24
2309 24
2310 24
2311 24
2312 24
2313 24
2314 24
2315 24
2316 24
2317 24
2318 24
2319 24
2320 24
2321 24
2322 24
2323 24
2324 24
2325 24
2326 24
2327 24
2328 24
2329 24
2330 24
2331 24
2332 24
2333 24
2334 24
2335 24
2336 24
2337 24
2338 24
2339 24
2340 24
2341 24
2342 24
2343 24
2344 24
2345 24
2346 24
2347 24
2348 24
2349 24
2350 24
2351 24
2352 24
2353 24
2354 24
2355 24
2356 24
2357 24
2358 24
2359 24
2360 24
2361 24
2362 24
2363 24
2364 24
2365 24
2366 24
2367 24
2368 24
2369 24
2370 24
2371 24
2372 24
2373 24
2374 24
2375 24
2376 24
2377 24
2378 24
2379 24
2380 24
2381 24
2382 24
2383 24
2384 24
2385 24
2386 24
2387 24
2388 24
2389 24
2390 24
2391 24
2392 24
2393 24
2394 24
2395 24
2396 24
2397 24
2398 24
2399 24
2400 24
2401 24
2402 24
2403 24
2404 24
2405 24
2406 24
2407 24
2408 24
2409 24
2410 24
2411 24
2412 24
2413 24
2414 24
2415 24
2416 24
2417 24
2418 24
2419 24
2420 24
2421 24
2422 24
2423 24
2424 24
2425 24
2426 24
2427 24
2428 24
2429 24
2430 24
2431 24
2432 24
2433 24
2434 24
2435 24
2436 24
2437 24
2438 24
2439 24
2440 24
2441 24
2442 24
2443 24
2444 24
2445 24
2446 24
2447 24
2448 24
2449 24
2450 24
2451 24
2452 24
2453 24
2454 24
2455 24
2456 24
2457 24
2458 24
2459 24
2460 24
2461 24
2462 24
2463 24
2464 24
2465 24
2466 24
2467 24
2468 24
2469 24
2470 24
2471 24
2472 24
2473 24
2474 24
2475 24
2476 24
2477 24
2478 24
2479 24
2480 24
2481 24
2482 24
2483 24
2484 24
2485 24
2486 24
2487 24
2488 24
2489 24
2490 24
2491 24
2492 24
2493 24
2494 24
2495 24
2496 24
2497 24
2498 24
2499 24
2500 24
2501 24
2502 24
2503 24
2504 24
2505 24
2506 24
2507 24
2508 24
2509 24
2510 24
2511 24
2512 24
2513 24
2514 24
2515 24
2516 24
2517 24
2518 24
2519 24
2520 24
2521 24
2522 24
2523 24
2524 24
2525 24
2526 24
2527 24
2528 24
2529 24
2530 24
2531 24
2532 24
2533 24
2534 24
2535 24
2536 24
2537 24
2538 24
2539 24
2540 24
2541 24
2542 24
2543 24
2544 24
2545 24
2546 24
2547 24
2548 24
2549 24
2550 24
2551 24
2552 24
2553 24
2554 24
2555 24
2556 24
2557 24
2558 24
2559 24
2560 24
2561 24
2562 24
2563 24
2564 24
2565 24
2566 24
2567 24
2568 24
2569 24
2570 24
2571 24
2572 24
2573 24
2574 24
2575 24
2576 24
2577 24
2578 24
2579 24
2580 24
2581 24
2582 24
2583 24
2584 24
2585 24
2586 24
2587 24
2588 24
2589 24
2590 24
2591 24
2592 24
2593 24
2594 24
2595 24
2596 24
2597 24
2598 24
2599 24
2600 24
2601 24
2602 24
2603 24
2604 24
2605 24
2606 24
2607 24
2608 24
2609 24
2610 24
2611 24
2612 24
2613 24
2614 24
2615 24
2616 24
2617 24
2618 24
2619 24
2620 24
2621 24
2622 24
2623 24
2624 24
2625 24
2626 24
2627 24
2628 24
2629 24
2630 24
2631 24
2632 24
2633 24
2634 24
2635 24
2636 24
2637 24
2638 24
2639 24
2640 24
2641 24
2642 24
2643 24
2644 24
2645 24
2646 24
2647 24
2648 24
2649 24
2650 24
2651 24
2652 24
2653 24
2654 24
2655 24
2656 24
2657 24
2658 24
2659 24
2660 24
2661 24
2662 24
2663 24
2664 24
2665 24
2666 24
2667 24
2668 24
2669 24
2670 24
2671 24
2672 24
2673 24
2674 24
2675 24
2676 24
2677 24
2678 24
2679 24
2680 24
2681 24
2682 24
2683 24
2684 24
2685 24
2686 24
2687 24
2688 24
2689 24
2690 24
2691 24
2692 24
2693 24
2694 24
2695 24
2696 24
2697 24
2698 24
2699 24
2700 24
2701 24
2702 24
2703 24
2704 24
2705 24
2706 24
2707 24
2708 24
2709 24
2710 24
2711 24
2712 24
2713 24
2714 24
2715 24
2716 24
2717 24
2718 24
2719 24
2720 24
2721 24
2722 24
2723 24
2724 24
2725 24
2726 24
2727 24
2728 24
2729 24
2730 24
2731 24
2732 24
2733 24
2734 24
2735 24
2736 24
2737 24
2738 24
2739 24
2740 24
2741 24
2742 24
2743 24
2744 24
2745 24
2746 24
2747 24
2748 24
2749 24
2750 24
2751 24
2752 24
2753 24
2754 24
2755 24
2756 24
2757 24
2758 24
2759 24
2760 24
2761 24
2762 24
2763 24
2764 24
2765 24
2766 24
2767 24
2768 24
2769 24
2770 24
2771 24
2772 24
2773 24
2774 24
2775 24
2776 24
2777 24
2778 24
2779 24
2780 24
2781 24
2782 24
2783 24
2784 24
2785 24
2786 24
2787 24
2788 24
2789 24
2790 24
2791 24
2792 24
2793 24
2794 24
2795 24
2796 24
2797 24
2798 24
2799 24
2800 24
2801 24
2802 24
2803 24
2804 24
2805 24
2806 24
2807 24
2808 24
2809 24
2810 24
2811 24
2812 24
2813 24
2814 24
2815 24
2816 24
2817 24
2818 24
2819 24
2820 24
2821 24
2822 24
2823 24
2824 24
2825 24
2826 24
2827 24
2828 24
2829 24
2830 24
2831 24
2832 24
2833 24
2834 24
2835 24
2836 24
2837 24
2838 24
2839 24
2840 24
2841 24
2842 24
2843 24
2844 24
2845 24
2846 24
2847 24
2848 24
2849 24
2850 24
2851 24
2852 24
2853 24
2854 24
2855 24
2856 24
2857 24
2858 24
2859 24
2860 24
2861 24
2862 24
2863 24
2864 24
2865 24
2866 24
2867 24
2868 24
2869 24
2870 24
2871 24
2872 24
2873 24
2874 24
2875 24
2876 24
2877 24
2878 24
2879 24
2880 24
2881 24
2882 24
2883 24
2884 24
2885 24
2886 24
2887 24
2888 24
2889 24
2890 24
2891 24
2892 24
2893 24
2894 24
2895 24
2896 24
2897 24
2898 24
2899 24
2900 24
2901 24
2902 24
2903 24
2904 24
2905 24
2906 24
2907 24
2908 24
2909 24
2910 24
2911 24
2912 24
2913 24
2914 24
2915 24
2916 24
2917 24
2918 24
2919 24
2920 24
2921 24
2922 24
2923 24
2924 24
2925 24
2926 24
2927 24
2928 24
2929 24
2930 24
2931 24
2932 24
2933 24
2934 24
2935 24
2936 24
2937 24
2938 24
2939 24
2940 24
2941 24
2942 24
2943 24
2944 24
2945 24
2946 24
2947 24
2948 24
2949 24
2950 24
2951 24
2952 24
2953 24
2954 24
2955 24
2956 24
2957 24
2958 24
2959 24
2960 24
2961 24
2962 24
2963 24
2964 24
2965 24
2966 24
2967 24
2968 24
2969 24
2970 24
2971 24
2972 24
2973 24
2974 24
2975 24
2976 24
2977 24
2978 24
2979 24
2980 24
2981 24
2982 24
2983 24
2984 24
2985 24
2986 24
2987 24
2988 24
2989 24
2990 24
2991 24
2992 24
2993 24
2994 24
2995 24
2996 24
2997 24
2998 24
2999 24
3000 24
3001 24
3002 24
3003 24
3004 24
3005 24
3006 24
3007 24
3008 24
3009 24
3010 24
3011 24
3012 24
3013 24
3014 24
3015 24
3016 24
3017 24
3018 24
3019 24
3020 24
3021 24
3022 24
3023 24
3024 24
3025 24
3026 24
3027 24
3028 24
3029 24
3030 24
3031 24
3032 24
3033 24
3034 24
3035 24
3036 24
3037 24
3038 24
3039 24
3040 24
3041 24
3042 24
3043 24
3044 24
3045 24
3046 24
3047 24
3048 24
3049 24
3050 24
3051 24
3052 24
3053 24
3054 24
3055 24
3056 24
3057 24
3058 24
3059 24
3060 24
3061 24
3062 24
3063 24
3064 24
3065 24
3066 24
3067 24
3068 24
3069 24
3070 24
3071 24
3072 24
3073 24
3074 24
3075 24
3076 24
3077 24
3078 24
3079 24
3080 24
3081 24
3082 24
3083 24
3084 24
3085 24
3086 24
3087 24
3088 24
3089 24
3090 24
3091 24
3092 24
3093 24
3094 24
3095 24
3096 24
3097 24
3098 24
3099 24
3100 24
3101 24
3102 24
3103 24
3104 24
3105 24
3106 24
3107 24
3108 24
3109 24
3110 24
3111 24
3112 24
3113 24
3114 24
3115 24
3116 24
3117 24
3118 24
3119 24
3120 24
3121 24
3122 24
3123 24
3124 24
3125 24
3126 24
3127 24
3128 24
3129 24
3130 24
3131 24
3132 24
3133 24
3134 24
3135 24
3136 24
3137 24
3138 24
3139 24
3140 24
3141 24
3142 24
3143 24
3144 24
3145 24
3146 24
3147 24
3148 24
3149 24
3150 24
3151 24
3152 24
3153 24
3154 24
3155 24
3156 24
3157 24
3158 24
3159 24
3160 24
3161 24
3162 24
3163 24
3164 24
3165 24
3166 24
3167 24
3168 24
3169 24
3170 24
3171 24
3172 24
3173 24
3174 24
3175 24
3176 24
3177 24
3178 24
3179 24
3180 24
3181 24
3182 24
3183 24
3184 24
3185 24
3186 24
3187 24
3188 24
3189 24
3190 24
3191 24
3192 24
3193 24
3194 24
3195 24
3196 24
3197 24
3198 24
3199 24
3200 24
3201 24
3202 24
3203 24
3204 24
3205 24
3206 24
3207 24
3208 24
3209 24
3210 24
3211 24
3212 24
3213 24
3214 24
3215 24
3216 24
3217 24
3218 24
3219 24
3220 24
3221 24
3222 24
3223 24
3224 24
3225 24
3226 24
3227 24
3228 24
3229 24
3230 24
3231 24
3232 24
3233 24
3234 24
3235 24
3236 24
3237 24
3238 24
3239 24
3240 24
3241 24
3242 24
3243 24
3244 24
3245 24
3246 24
3247 24
3248 24
3249 24
3250 24
3251 24
3252 24
3253 24
3254 24
3255 24
3256 24
3257 24
3258 24
3259 24
3260 24
3261 24
3262 24
3263 24
3264 24
3265 24
3266 24
3267 24
3268 24
3269 24
3270 24
3271 24
3272 24
3273 24
3274 24
3275 24
3276 24
3277 24
3278 24
3279 24
3280 24
3281 24
3282 24
3283 24
3284 24
3285 24
3286 24
3287 24
3288 24
3289 24
3290 24
3291 24
3292 24
3293 24
3294 24
3295 24
3296 24
3297 24
3298 24
3299 24
3300 24
3301 24
3302 24
3303 24
3304 24
3305 24
3306 24
3307 24
3308 24
3309 24
3310 24
3311 24
3312 24
3313 24
3314 24
3315 24
3316 24
3317 24
3318 24
3319 24
3320 24
3321 24
3322 24
3323 24
3324 24
3325 24
3326 24
3327 24
3328 24
3329 24
3330 24
3331 24
3332 24
3333 24
3334 24
3335 24
3336 24
3337 24
3338 24
3339 24
3340 24
3341 24
3342 24
3343 24
3344 24
3345 24
3346 24
3347 24
3348 24
3349 24
3350 24
3351 24
3352 24
3353 24
3354 24
3355 24
3356 24
3357 24
3358 24
3359 24
3360 24
3361 24
3362 24
3363 24
3364 24
3365 24
3366 24
3367 24
3368 24
3369 24
3370 24
3371 24
3372 24
3373 24
3374 24
3375 24
3376 24
3377 24
3378 24
3379 24
3380 24
3381 24
3382 24
3383 24
3384 24
3385 24
3386 24
3387 24
3388 24
3389 24
3390 24
3391 24
3392 24
3393 24
3394 24
3395 24
3396 24
3397 24
3398 24
3399 24
3400 24
3401 24
3402 24
3403 24
3404 24
3405 24
3406 24
3407 24
3408 24
3409 24
3410 24
3411 24
3412 24
3413 24
3414 24
3415 24
3416 24
3417 24
3418 24
3419 24
3420 24
3421 24
3422 24
3423 24
3424 24
3425 24
3426 24
3427 24
3428 24
3429 24
3430 24
3431 24
3432 24
3433 24
3434 24
3435 24
3436 24
3437 24
3438 24
3439 24
3440 24
3441 24
3442 24
3443 24
3444 24
3445 24
3446 24
3447 24
3448 24
3449 24
3450 24
3451 24
3452 24
3453 24
3454 24
3455 24
3456 24
3457 24
3458 24
3459 24
3460 24
3461 24
3462 24
3463 24
3464 24
3465 24
3466 24
3467 24
3468 24
3469 24
3470 24
3471 24
3472 24
3473 24
3474 24
3475 24
3476 24
3477 24
3478 24
3479 24
3480 24
3481 24
3482 24
3483 24
3484 24
3485 24
3486 24
3487 24
3488 24
3489 24
3490 24
3491 24
3492 24
3493 24
3494 24
3495 24
3496 24
3497 24
3498 24
3499 24
3500 24
3501 24
3502 24
3503 24
3504 24
3505 24
3506 24
3507 24
3508 24
3509 24
3510 24
3511 24
3512 24
3513 24
3514 24
3515 24
3516 24
3517 24
3518 24
3519 24
3520 24
3521 24
3522 24
3523 24
3524 24
3525 24
3526 24
3527 24
3528 24
3529 24
3530 24
3531 24
3532 24
3533 24
3534 24
3535 24
3536 24
3537 24
3538 24
3539 24
3540 24
3541 24
3542 24
3543 24
3544 24
3545 24
3546 24
3547 24
3548 24
3549 24
3550 24
3551 24
3552 24
3553 24
3554 24
3555 24
3556 24
3557 24
3558 24
3559 24
3560 24
3561 24
3562 24
3563 24
3564 24
3565 24
3566 24
3567 24
3568 24
3569 24
3570 24
3571 24
3572 24
3573 24
3574 24
3575 24
3576 24
3577 24
3578 24
3579 24
3580 24
3581 24
3582 24
3583 24
3584 24
3585 24
3586 24
3587 24
3588 24
3589 24
3590 24
3591 24
3592 24
3593 24
3594 24
3595 24
3596 24
3597 24
3598 24
3599 24
3600 24
3601 24
3602 24
3603 24
3604 24
3605 24
3606 24
3607 24
3608 24
3609 24
3610 24
3611 24
3612 24
3613 24
3614 24
3615 24
3616 24
3617 24
3618 24
3619 24
3620 24
3621 24
3622 24
3623 24
3624 24
3625 24
3626 24
3627 24
3628 24
3629 24
3630 24
3631 24
3632 24
3633 24
3634 24
3635 24
3636 24
3637 24
3638 24
3639 24
3640 24
3641 24
3642 24
3643 24
3644 24
3645 24
3646 24
3647 24
3648 24
3649 24
3650 24
3651 24
3652 24
3653 24
3654 24
3655 24
3656 24
3657 24
3658 24
3659 24
3660 24
3661 24
3662 24
3663 24
3664 24
3665 24
3666 24
3667 24
3668 24
3669 24
3670 24
3671 24
3672 24
3673 24
3674 24
3675 24
3676 24
3677 24
3678 24
3679 24
3680 24
3681 24
3682 24
3683 24
3684 24
3685 24
3686 24
3687 24
3688 24
3689 24
3690 24
3691 24
3692 24
3693 24
3694 24
3695 24
3696 24
3697 24
3698 24
3699 24
3700 24
3701 24
3702 24
3703 24
3704 24
3705 24
3706 24
3707 24
3708 24
3709 24
3710 24
3711 24
3712 24
3713 24
3714 24
3715 24
3716 24
3717 24
3718 24
3719 24
3720 24
3721 24
3722 24
3723 24
3724 24
3725 24
3726 24
3727 24
3728 24
3729 24
3730 24
3731 24
3732 24
3733 24
3734 24
3735 24
3736 24
3737 24
3738 24
3739 24
3740 24
3741 24
3742 24
3743 24
3744 24
3745 24
3746 24
3747 24
3748 24
3749 24
3750 24
3751 24
3752 24
3753 24
3754 24
3755 24
3756 24
3757 24
3758 24
3759 24
3760 24
3761 24
3762 24
3763 24
3764 24
3765 24
3766 24
3767 24
3768 24
3769 24
3770 24
3771 24
3772 24
3773 24
3774 24
3775 24
3776 24
3777 24
3778 24
3779 24
3780 24
3781 24
3782 24
3783 24
3784 24
3785 24
3786 24
3787 24
3788 24
3789 24
3790 24
3791 24
3792 24
3793 24
3794 24
3795 24
3796 24
3797 24
3798 24
3799 24
3800 24
3801 24
3802 24
3803 24
3804 24
3805 24
3806 24
3807 24
3808 24
3809 24
3810 24
3811 24
3812 24
3813 24
3814 24
3815 24
3816 24
3817 24
3818 24
3819 24
3820 24
3821 24
3822 24
3823 24
3824 24
3825 24
3826 24
3827 24
3828 24
3829 24
3830 24
3831 24
3832 24
3833 24
3834 24
3835 24
3836 24
3837 24
3838 24
3839 24
3840 24
3841 24
3842 24
3843 24
3844 24
3845 24
3846 24
3847 24
3848 24
3849 24
3850 24
3851 24
3852 24
3853 24
3854 24
3855 24
3856 24
3857 24
3858 24
3859 24
3860 24
3861 24
3862 24
3863 24
3864 24
3865 24
3866 24
3867 24
3868 24
3869 24
3870 24
3871 24
3872 24
3873 24
3874 24
3875 24
3876 24
3877 24
3878 24
3879 24
3880 24
3881 24
3882 24
3883 24
3884 24
3885 24
3886 24
3887 24
3888 24
3889 24
3890 24
3891 24
3892 24
3893 24
3894 24
3895 24
3896 24
3897 24
3898 24
3899 24
3900 24
3901 24
3902 24
3903 24
3904 24
3905 24
3906 24
3907 24
3908 24
3909 24
3910 24
3911 24
3912 24
3913 24
3914 24
3915 24
3916 24
3917 24
3918 24
3919 24
3920 24
3921 24
3922 24
3923 24
3924 24
3925 24
3926 24
3927 24
3928 24
3929 24
3930 24
3931 24
3932 24
3933 24
3934 24
3935 24
3936 24
3937 24
3938 24
3939 24
3940 24
3941 24
3942 24
3943 24
3944 24
3945 24
3946 24
3947 24
3948 24
3949 24
3950 24
3951 24
3952 24
3953 24
3954 24
3955 24
3956 24
3957 24
3958 24
3959 24
3960 24
3961 24
3962 24
3963 24
3964 24
3965 24
3966 24
3967 24
3968 24
3969 24
3970 24
3971 24
3972 24
3973 24
3974 24
3975 24
3976 24
3977 24
3978 24
3979 24
3980 24
3981 24
3982 24
3983 24
3984 24
3985 24
3986 24
3987 24
3988 24
3989 24
3990 24
3991 24
3992 24
3993 24
3994 24
3995 24
3996 24
3997 24
3998 24
3999 24
4000 24
4001 24
4002 24
4003 24
4004 24
4005 24
4006 24
4007 24
4008 24
4009 24
4010 24
4011 24
4012 24
4013 24
4014 24
4015 24
4016 24
4017 24
4018 24
4019 24
4020 24
4021 24
4022 24
4023 24
4024 24
4025 24
4026 24
4027 24
4028 24
4029 24
4030 24
4031 24
4032 24
4033 24
4034 24
4035 24
4036 24
4037 24
4038 24
4039 24
4040 24
4041 24
4042 24
4043 24
4044 24
4045 24
4046 24
4047 24
4048 24
4049 24
4050 24
4051 24
4052 24
4053 24
4054 24
4055 24
4056 24
4057 24
4058 24
4059 24
4060 24
4061 24
4062 24
4063 24
4064 24
4065 24
4066 24
4067 24
4068 24
4069 24
4070 24
4071 24
4072 24
4073 24
4074 24
4075 24
4076 24
4077 24
4078 24
4079 24
4080 24
4081 24
4082 24
4083 24
4084 24
4085 24
4086 24
4087 24
4088 24
4089 24
4090 24
4091 24
4092 24
4093 24
4094 24
4095 24
4096 24
4097 24
4098 24
4099 24
4100 24
4101 24
4102 24
4103 24
4104 24
4105 24
4106 24
4107 24
4108 24
4109 24
4110 24
4111 24
4112 24
4113 24
4114 24
4115 24
4116 24
4117 24
4118 24
4119 24
4120 24
4121 24
4122 24
4123 24
4124 24
4125 24
4126 24
4127 24
4128 24
4129 24
4130 24
4131 24
4132 24
4133 24
4134 24
4135 24
4136 24
4137 24
4138 24
4139 24
4140 24
4141 24
4142 24
4143 24
4144 24
4145 24
4146 24
4147 24
4148 24
4149 24
4150 24
4151 24
4152 24
4153 24
4154 24
4155 24
4156 24
4157 24
4158 24
4159 24
4160 24
4161 24
4162 24
4163 24
4164 24
4165 24
4166 24
4167 24
4168 24
4169 24
4170 24
4171 24
4172 24
4173 24
4174 24
4175 24
4176 24
4177 24
4178 24
4179 24
4180 24
4181 24
4182 24
4183 24
4184 24
4185 24
4186 24
4187 24
4188 24
4189 24
4190 24
4191 24
4192 24
4193 24
4194 24
4195 24
4196 24
4197 24
4198 24
4199 24
4200 24
4201 24
4202 24
4203 24
4204 24
4205 24
4206 24
4207 24
4208 24
4209 24
4210 24
4211 24
4212 24
4213 24
4214 24
4215 24
4216 24
4217 24
4218 24
4219 24
4220 24
4221 24
4222 24
4223 24
4224 24
4225 24
4226 24
4227 24
4228 24
4229 24
4230 24
4231 24
4232 24
4233 24
4234 24
4235 24
4236 24
4237 24
4238 24
4239 24
4240 24
4241 24
4242 24
4243 24
4244 24
4245 24
4246 24
4247 24
4248 24
4249 24
4250 24
4251 24
4252 24
4253 24
4254 24
4255 24
4256 24
4257 24
4258 24
4259 24
4260 24
4261 24
4262 24
4263 24
4264 24
4265 24
4266 24
4267 24
4268 24
4269 24
4270 24
4271 24
4272 24
4273 24
4274 24
4275 24
4276 24
4277 24
4278 24
4279 24
4280 24
4281 24
4282 24
4283 24
4284 24
4285 24
4286 24
4287 24
4288 24
4289 24
4290 24
4291 24
4292 24
4293 24
4294 24
4295 24
4296 24
4297 24
4298 24
4299 24
4300 24
4301 24
4302 24
4303 24
4304 24
4305 24
4306 24
4307 24
4308 24
4309 24
4310 24
4311 24
4312 24
4313 24
4314 24
4315 24
4316 24
4317 24
4318 24
4319 24
4320 24
4321 24
4322 24
4323 24
4324 24
4325 24
4326 24
4327 24
4328 24
4329 24
4330 24
4331 24
4332 24
4333 24
4334 24
4335 24
4336 24
4337 24
4338 24
4339 24
4340 24
4341 24
4342 24
4343 24
4344 24
4345 24
4346 24
4347 24
4348 24
4349 24
4350 24
4351 24
4352 24
4353 24
4354 24
4355 24
4356 24
4357 24
4358 24
4359 24
4360 24
4361 24
4362 24
4363 24
4364 24
4365 24
4366 24
4367 24
4368 24
4369 24
4370 24
4371 24
4372 24
4373 24
4374 24
4375 24
4376 24
4377 24
4378 24
4379 24
4380 24
4381 24
4382 24
4383 24
4384 24
4385 24
4386 24
4387 24
4388 24
4389 24
4390 24
4391 24
4392 24
4393 24
4394 24
4395 24
4396 24
4397 24
4398 24
4399 24
4400 24
4401 24
4402 24
4403 24
4404 24
4405 24
4406 24
4407 24
4408 24
4409 24
4410 24
4411 24
4412 24
4413 24
4414 24
4415 24
4416 24
4417 24
4418 24
4419 24
4420 24
4421 24
4422 24
4423 24
4424 24
4425 24
4426 24
4427 24
4428 24
4429 24
4430 24
4431 24
4432 24
4433 24
4434 24
4435 24
4436 24
4437 24
4438 24
4439 24
4440 24
4441 24
4442 24
4443 24
4444 24
4445 24
4446 24
4447 24
4448 24
4449 24
4450 24
4451 24
4452 24
4453 24
4454 24
4455 24
4456 24
4457 24
4458 24
4459 24
4460 24
4461 24
4462 24
4463 24
4464 24
4465 24
4466 24
4467 24
4468 24
4469 24
4470 24
4471 24
4472 24
4473 24
4474 24
4475 24
4476 24
4477 24
4478 24
4479 24
4480 24
4481 24
4482 24
4483 24
4484 24
4485 24
4486 24
4487 24
4488 24
4489 24
4490 24
4491 24
4492 24
4493 24
4494 24
4495 24
4496 24
4497 24
4498 24
4499 24
4500 24
4501 24
4502 24
4503 24
4504 24
4505 24
4506 24
4507 24
4508 24
4509 24
4510 24
4511 24
4512 24
4513 24
4514 24
4515 24
4516 24
4517 24
4518 24
4519 24
4520 24
4521 24
4522 24
4523 24
4524 24
4525 24
4526 24
4527 24
4528 24
4529 24
4530 24
4531 24
4532 24
4533 24
4534 24
4535 24
4536 24
4537 24
4538 24
4539 24
4540 24
4541 24
4542 24
4543 24
4544 24
4545 24
4546 24
4547 24
4548 24
4549 24
4550 24
4551 24
4552 24
4553 24
4554 24
4555 24
4556 24
4557 24
4558 24
4559 24
4560 24
4561 24
4562 24
4563 24
4564 24
4565 24
4566 24
4567 24
4568 24
4569 24
4570 24
4571 24
4572 24
4573 24
4574 24
4575 24
4576 24
4577 24
4578 24
4579 24
4580 24
4581 24
4582 24
4583 24
4584 24
4585 24
4586 24
4587 24
4588 24
4589 24
4590 24
4591 24
4592 24
4593 24
4594 24
4595 24
4596 24
4597 24
4598 24
4599 24
4600 24
4601 24
4602 24
4603 24
4604 24
4605 24
4606 24
4607 24
4608 24
4609 24
4610 24
4611 24
4612 24
4613 24
4614 24
4615 24
4616 24
4617 24
4618 24
4619 24
4620 24
4621 24
4622 24
4623 24
4624 24
4625 24
4626 24
4627 24
4628 24
4629 24
4630 24
4631 24
4632 24
4633 24
4634 24
4635 24
4636 24
4637 24
4638 24
4639 24
4640 24
4641 24
4642 24
4643 24
4644 24
4645 24
4646 24
4647 24
4648 24
4649 24
4650 24
4651 24
4652 24
4653 24
4654 24
4655 24
4656 24
4657 24
4658 24
4659 24
4660 24
4661 24
4662 24
4663 24
4664 24
4665 24
4666 24
4667 24
4668 24
4669 24
4670 24
4671 24
4672 24
4673 24
4674 24
4675 24
4676 24
4677 24
4678 24
4679 24
4680 24
4681 24
4682 24
4683 24
4684 24
4685 24
4686 24
4687 24
4688 24
4689 24
4690 24
4691 24
4692 24
4693 24
4694 24
4695 24
4696 24
4697 24
4698 24
4699 24
4700 24
4701 24
4702 24
4703 24
4704 24
4705 24
4706 24
4707 24
4708 24
4709 24
4710 24
4711 24
4712 24
4713 24
4714 24
4715 24
4716 24
4717 24
4718 24
4719 24
4720 24
4721 24
4722 24
4723 24
4724 24
4725 24
4726 24
4727 24
4728 24
4729 24
4730 24
4731 24
4732 24
4733 24
4734 24
4735 24
4736 24
4737 24
4738 24
4739 24
4740 24
4741 24
4742 24
4743 24
4744 24
4745 24
4746 24
4747 24
4748 24
4749 24
4750 24
4751 24
4752 24
4753 24
4754 24
4755 24
4756 24
4757 24
4758 24
4759 24
4760 24
4761 24
4762 24
4763 24
4764 24
4765 24
4766 24
4767 24
4768 24
4769 24
4770 24
4771 24
4772 24
4773 24
4774 24
4775 24
4776 24
4777 24
4778 24
4779 24
4780 24
4781 24
4782 24
4783 24
4784 24
4785 24
4786 24
4787 24
4788 24
4789 24
4790 24
4791 24
4792 24
4793 24
4794 24
4795 24
4796 24
4797 24
4798 24
4799 24
4800 24
4801 24
4802 24
4803 24
4804 24
4805 24
4806 24
4807 24
4808 24
4809 24
4810 24
4811 24
4812 24
4813 24
4814 24
4815 24
4816 24
4817 24
4818 24
4819 24
4820 24
4821 24
4822 24
4823 24
4824 24
4825 24
4826 24
4827 24
4828 24
4829 24
4830 24
4831 24
4832 24
4833 24
4834 24
4835 24
4836 24
4837 24
4838 24
4839 24
4840 24
4841 24
4842 24
4843 24
4844 24
4845 24
4846 24
4847 24
4848 24
4849 24
4850 24
4851 24
4852 24
4853 24
4854 24
4855 24
4856 24
4857 24
4858 24
4859 24
4860 24
4861 24
4862 24
4863 24
4864 24
4865 24
4866 24
4867 24
4868 24
4869 24
4870 24
4871 24
4872 24
4873 24
4874 24
4875 24
4876 24
4877 24
4878 24
4879 24
4880 24
4881 24
4882 24
4883 24
4884 24
4885 24
4886 24
4887 24
4888 24
4889 24
4890 24
4891 24
4892 24
4893 24
4894 24
4895 24
4896 24
4897 24
4898 24
4899 24
4900 24
4901 24
4902 24
4903 24
4904 24
4905 24
4906 24
4907 24
4908 24
4909 24
4910 24
4911 24
4912 24
4913 24
4914 24
4915 24
4916 24
4917 24
4918 24
4919 24
4920 24
4921 24
4922 24
4923 24
4924 24
4925 24
4926 24
4927 24
4928 24
4929 24
4930 24
4931 24
4932 24
4933 24
4934 24
4935 24
4936 24
4937 24
4938 24
4939 24
4940 24
4941 24
4942 24
4943 24
4944 24
4945 24
4946 24
4947 24
4948 24
4949 24
4950 24
4951 24
4952 24
4953 24
4954 24
4955 24
4956 24
4957 24
4958 24
4959 24
4960 24
4961 24
4962 24
4963 24
4964 24
4965 24
4966 24
4967 24
4968 24
4969 24
4970 24
4971 24
4972 24
4973 24
4974 24
4975 24
4976 24
4977 24
4978 24
4979 24
4980 24
4981 24
4982 24
4983 24
4984 24
4985 24
4986 24
4987 24
4988 24
4989 24
4990 24
4991 24
4992 24
4993 24
4994 24
4995 24
4996 24
4997 24
4998 24
4999 24
5000 24
5001 24
5002 24
5003 24
5004 24
5005 24
5006 24
5007 24
5008 24
5009 24
5010 24
5011 24
5012 24
5013 24
5014 24
5015 24
5016 24
5017 24
5018 24
5019 24
5020 24
5021 24
5022 24
