1 11
2 49
3 49
4 49
5 49
6 49
7 49
8 49
9 49
10 49
11 49
12 49
13 49
14 49
15 49
16 49
17 49
18 49
19 49
20 49
21 51
22 51
23 51
24 51
25 51
26 51
27 51
28 51
29 51
30 51
31 53
32 53
33 53
34 53
35 53
36 53
37 56
38 56
39 56
40 56
41 56
42 56
43 56
44 56
45 56
46 56
47 56
48 56
49 56
50 56
51 56
52 56
53 56
54 56
55 56
56 56
57 56
58 56
59 56
60 56
61 56
62 56
63 56
64 56
65 56
66 56
67 56
68 56
69 56
70 56
71 56
72 56
73 56
74 56
75 56
76 56
77 56
78 56
79 56
80 56
81 56
82 56
83 56
84 56
85 56
86 56
87 56
88 56
89 56
90 56
91 56
92 56
93 56
94 56
95 56
96 56
97 56
98 56
99 56
100 56
101 56
102 56
103 56
104 56
105 56
106 56
107 56
108 56
109 56
110 56
111 56
112 56
113 56
114 56
115 56
116 56
117 56
118 56
119 56
120 56
121 56
122 56
123 56
124 56
125 56
126 56
127 56
128 56
129 56
130 56
131 56
132 56
133 56
134 56
135 56
136 56
137 56
138 56
139 56
140 56
141 56
142 56
143 56
144 56
145 56
146 56
147 56
148 56
149 56
150 56
151 56
152 56
153 56
154 56
155 56
156 56
157 56
158 56
159 56
160 56
161 56
162 56
163 56
164 56
165 56
166 56
167 56
168 56
169 56
170 56
171 56
172 56
173 56
174 56
175 56
176 56
177 56
178 56
179 56
180 56
181 56
182 56
183 56
184 56
185 56
186 56
187 56
188 56
189 56
190 56
191 56
192 56
193 56
194 56
195 56
196 56
197 56
198 56
199 56
200 56
201 56
202 56
203 56
204 56
205 56
206 56
207 56
208 56
209 56
210 56
211 56
212 56
213 56
214 56
215 56
216 56
217 56
218 56
219 56
220 56
221 56
222 56
223 56
224 56
225 56
226 56
227 56
228 56
229 56
230 56
231 56
232 56
233 56
234 56
235 56
236 56
237 56
238 56
239 56
240 56
241 56
242 56
243 56
244 56
245 56
246 56
247 56
248 56
249 56
250 56
251 56
252 56
253 56
254 56
255 56
256 56
257 56
258 56
259 56
260 56
261 56
262 56
263 56
264 56
265 56
266 56
267 56
268 57
269 57
270 57
271 57
272 57
273 57
274 57
275 57
276 57
277 57
278 57
279 57
280 57
281 57
282 57
283 57
284 57
285 57
286 57
287 57
288 57
289 57
290 57
291 57
292 57
293 57
294 57
295 57
296 57
297 57
298 57
299 57
300 57
301 57
302 57
303 57
304 57
305 57
306 57
307 57
308 57
309 57
310 57
311 57
312 57
313 57
314 57
315 57
316 57
317 57
318 57
319 57
320 57
321 57
322 57
323 57
324 57
325 57
326 57
327 57
328 57
329 57
330 57
331 57
332 57
333 57
334 57
335 57
336 57
337 57
338 57
339 57
340 57
341 57
342 57
343 57
344 57
345 57
346 57
347 57
348 57
349 57
350 57
351 57
352 57
353 57
354 57
355 57
356 57
357 57
358 57
359 57
360 57
361 57
362 57
363 57
364 57
365 57
366 57
367 57
368 57
369 57
370 57
371 57
372 57
373 57
374 57
375 57
376 57
377 57
378 57
379 57
380 57
381 57
382 57
383 57
384 57
385 57
386 57
387 57
388 57
389 57
390 57
391 57
392 57
393 57
394 57
395 57
396 57
397 57
398 57
399 57
400 57
401 57
402 57
403 57
404 57
405 57
406 57
407 57
408 57
409 57
410 57
411 57
412 57
413 57
414 57
415 57
416 57
417 57
418 57
419 57
420 57
421 57
422 57
423 57
424 57
425 57
426 57
427 57
428 57
429 57
430 57
431 57
432 57
433 57
434 57
435 57
436 57
437 57
438 57
439 57
440 57
441 57
442 57
443 57
444 57
445 57
446 57
447 57
448 57
449 57
450 57
451 57
452 57
453 57
454 57
455 57
456 57
457 57
458 57
459 57
460 57
461 57
462 57
463 57
464 57
465 57
466 57
467 57
468 57
469 57
470 57
471 57
472 57
473 57
474 57
475 57
476 57
477 57
478 57
479 57
480 57
481 57
482 57
483 57
484 57
485 57
486 57
487 57
488 57
489 57
490 57
491 57
492 57
493 57
494 57
495 57
496 57
497 57
498 57
499 57
500 57
501 57
502 57
503 57
504 57
505 57
506 57
507 57
508 57
509 57
510 57
511 57
512 57
513 57
514 57
515 57
516 57
517 57
518 57
519 57
520 57
521 57
522 57
523 57
524 57
525 57
526 57
527 57
528 57
529 57
530 57
531 57
532 57
533 57
534 57
535 57
536 57
537 57
538 58
539 58
540 58
541 58
542 58
543 58
544 58
545 58
546 58
547 58
548 58
549 58
550 58
551 58
552 58
553 58
554 58
555 58
556 58
557 58
558 58
559 58
560 58
561 58
562 58
563 58
564 58
565 58
566 58
567 58
568 58
569 58
570 58
571 58
572 58
573 58
574 58
575 58
576 58
577 58
578 58
579 58
580 58
581 58
582 58
583 58
584 58
585 58
586 58
587 58
588 58
589 58
590 58
591 58
592 58
593 58
594 58
595 58
596 58
597 58
598 58
599 58
600 58
601 58
602 58
603 58
604 58
605 58
606 58
607 58
608 58
609 58
610 58
611 58
612 58
613 58
614 58
615 58
616 58
617 58
618 58
619 58
620 58
621 58
622 58
623 58
624 58
625 58
626 58
627 58
628 58
629 58
630 58
631 58
632 58
633 58
634 58
635 58
636 58
637 58
638 58
639 58
640 58
641 58
642 58
643 58
644 58
645 58
646 58
647 58
648 58
649 58
650 58
651 58
652 58
653 58
654 58
655 58
656 58
657 58
658 58
659 58
660 58
661 58
662 58
663 58
664 58
665 58
666 58
667 58
668 58
669 58
670 58
671 58
672 58
673 58
674 58
675 58
676 58
677 58
678 58
679 58
680 58
681 58
682 58
683 58
684 58
685 58
686 58
687 58
688 58
689 58
690 58
691 58
692 58
693 58
694 58
695 58
696 58
697 58
698 58
699 58
700 58
701 58
702 58
703 58
704 58
705 58
706 58
707 58
708 58
709 58
710 58
711 58
712 58
713 58
714 58
715 58
716 58
717 58
718 58
719 58
720 58
721 58
722 58
723 58
724 58
725 58
726 58
727 58
728 58
729 58
730 58
731 58
732 58
733 58
734 58
735 58
736 58
737 58
738 58
739 58
740 58
741 58
742 58
743 58
744 58
745 58
746 58
747 58
748 58
749 58
750 58
751 58
752 58
753 58
754 58
755 58
756 58
757 58
758 58
759 58
760 58
761 58
762 58
763 58
764 58
765 58
766 58
767 58
768 58
769 58
770 58
771 58
772 58
773 58
774 58
775 58
776 58
777 58
778 58
779 58
780 58
781 58
782 58
783 58
784 58
785 58
786 58
787 58
788 58
789 58
790 58
791 58
792 58
793 58
794 58
795 58
796 58
797 58
798 58
799 58
800 58
801 58
802 58
803 58
804 58
805 58
806 58
807 58
808 58
809 58
810 58
811 58
812 60
813 60
814 60
815 60
816 60