1 57
2 57
3 85
4 90
5 90
6 90
7 90
8 90
9 90
10 90
11 90
12 90
13 90
14 90
15 90
16 90
17 90
18 90
19 90
20 90
21 90
22 90
23 90
24 90
25 90
26 90
27 90
28 90
29 90
30 90
31 90
32 90
33 90
34 90
35 90
36 90
37 90
38 90
39 90
40 90
41 90
42 90
43 92
44 92
45 92
46 92
47 92
48 92
49 92
50 92
51 92
52 92
53 92
54 92
55 92
56 92
57 92
58 92
59 92
60 92
61 92
62 92
63 92
64 92
65 92
66 92
67 92
68 92
69 92
70 92
71 92
72 92
73 92
74 92
75 92
76 92
77 92
78 92
79 92
80 92
81 92
82 92
83 92
84 92
85 92
86 92
87 92
88 92
89 92
90 92
91 92
92 92
93 92
94 92
95 92
96 92
97 92
98 92
99 92
100 92
101 92
102 92
103 92
104 92
105 92
106 92
107 92
108 92
109 92
110 92
111 92
112 92
113 92
114 92
115 92
116 92
117 92
118 92
119 92
120 92
121 92
122 92
123 92
124 92
125 92
126 92
127 92
128 92
129 92
130 92
131 92
132 92
133 93
134 93
135 93
136 93
137 93
138 93
139 93
140 93
141 93
142 93
143 93
144 93
145 93
146 93
147 93
148 93
149 93
150 93
151 93
152 93
153 93
154 93
155 93
156 93
157 93
158 93
159 93
160 93
161 93
162 93
163 93
164 93
165 93
166 93
167 93
168 93
169 93
170 93
171 93
172 93
173 93
174 93
175 93
176 93
177 93
178 93
179 93
180 93
181 93
182 93
183 93
184 93
185 93
186 93
187 93
188 93
189 93
190 93
191 93
192 93
193 93
194 93
195 93
196 94
197 94
198 94
199 94
200 94
201 94
202 94
203 94
204 94
205 94
206 94
207 94
208 94
209 94
210 94
211 94
212 94
213 94
214 94
215 94
216 94
217 94
218 94
219 94
220 94
221 94
222 94
223 94
224 94
225 94
226 94
227 94
228 94
229 94
230 94
231 94
232 94
233 94
234 94
235 94
236 94
237 94
238 94
239 94
240 94
241 94
242 94
243 94
244 94
245 94
246 94
247 94
248 94
249 94
250 94
251 94
252 94
253 94
254 94
255 94
256 94
257 94
258 94
259 94
260 94
261 94
262 94
263 94
264 94
265 94
266 94
267 94
268 94
269 94
270 94
271 94
272 94
273 94
274 94
275 94
276 94
277 94
278 94
279 94
280 94
281 94
282 94
283 94
284 94
285 94
286 94
287 94
288 94
289 94
290 94
291 94
292 94
293 94
294 94
295 94
296 94
297 94
298 94
299 94
300 94
301 94
302 94
303 94
304 94
305 94
306 94
307 94
308 94
309 94
310 94
311 94
312 94
313 94
314 94
315 94
316 94
317 94
318 94
319 94
320 94
321 94
322 94
323 94
324 94
325 94
326 94
327 94
328 94
329 94
330 94
331 94
332 94
333 94
334 94
335 94
336 94
337 94
338 94
339 94
340 94
341 94
342 94
343 94
344 94
345 94
346 94
347 94
348 94
349 94
350 94
351 94
352 94
353 94
354 94
355 94
356 94
357 94
358 94
359 94
360 94
361 94
362 94
363 94
364 94
365 94
366 94
367 94
368 94
369 94
370 94
371 94
372 94
373 94
374 94
375 94
376 94
377 94
378 94
379 94
380 94
381 94
382 94
383 94
384 94
385 94
386 94
387 94
388 94
389 94
390 94
391 94
392 94
393 94
394 94
395 94
396 94
397 94
398 94
399 94
400 94
401 94
402 94
403 94
404 94
405 94
406 94
407 94
408 94
409 94
410 94
411 94
412 94
413 94
414 94
415 94
416 94
417 94
418 94
419 94
420 94
421 94
422 94
423 94
424 94
425 94
426 94
427 94
428 94
429 94
430 94
431 94
432 94
433 94
434 94
435 94
436 94
437 94
438 94
439 94
440 94
441 94
442 94
443 94
444 94
445 94
446 94
447 94
448 94
449 94
450 94
451 94
452 94
453 94
454 94
455 94
456 94
457 94
458 94
459 94
460 94
461 94
462 94
463 94
464 94
465 94
466 94
467 94
468 94
469 94
470 94
471 94
472 94
473 94
474 94
475 94
476 94
477 94
478 94
479 94
480 94
481 94
482 94
483 94
484 94
485 94
486 94
487 94
488 94
489 94
490 94
491 94
492 94
493 94
494 94
495 94
496 94
497 94
498 94
499 94
500 94
501 94
502 94
503 94
504 94
505 94
506 94
507 94
508 94
509 94
510 94
511 94
512 94
513 94
514 94
515 94
516 94
517 94
518 94
519 94
520 94
521 94
522 94
523 94
524 94
525 94
526 94
527 94
528 94
529 94
530 94
531 94
532 94
533 94
534 94
535 94
536 94
537 94
538 94
539 94
540 94
541 94
542 94
543 94
544 94
545 94
546 94
547 94
548 94
549 94
550 94
551 94
552 94
553 94
554 94
555 94
556 94
557 94
558 94
559 94
560 94
561 94
562 94
563 94
564 94
565 94
566 94
567 94
568 94
569 94
570 94
571 94
572 94
573 94
574 94
575 94
576 94
577 94
578 94
579 94
580 94
581 94
582 94
583 94
584 94
585 94
586 94
587 94
588 94
589 94
590 94
591 94
592 94
593 94
594 94
595 94
596 94
597 94
598 94
599 94
600 94
601 94
602 94
603 94
604 94
605 94
606 94
607 94
608 94
609 94
610 94
611 94
612 94
613 94
614 94
615 94
616 94
617 94
618 94
619 94
620 94
621 94
622 94
623 94
624 94
625 94
626 94
627 94
628 94
629 94
630 94
631 94
632 94
633 94
634 94
635 94
636 94
637 94
638 94
639 94
640 94
641 94
642 94
643 94
644 94
645 94
646 94
647 94
648 94
649 94
650 94
651 94
652 94
653 94
654 94
655 94
656 94
657 94
658 94
659 94
660 94
661 94
662 94
663 94
664 94
665 94
666 94
667 94
668 94
669 94
670 94
671 94
672 94
673 94
674 94
675 94
676 94
677 94
678 94
679 94
680 94
681 94
682 94
683 94
684 94
685 94
686 94
687 94
688 94
689 94
690 94
691 94
692 94
693 94
694 94
695 94
696 94
697 94
698 94
699 94
700 94
701 94
702 94
703 94
704 94
705 94
706 94
707 94
708 94
709 94
710 94
711 94
712 94
713 94
714 94
715 94
716 94
717 94
718 94
719 94
720 94
721 94
722 94
723 94
724 94
725 94
726 94
727 94
728 94
729 94
730 94
731 94
732 94
733 94
734 94
735 94
736 94
737 94
738 94
739 94
740 94
741 94
742 94
743 94
744 94
745 94
746 94
747 94
748 94
749 94
750 94
751 94
752 94
753 94
754 94
755 94
756 94
757 94
758 94
759 94
760 94
761 94
762 94
763 94
764 94
765 94
766 94
767 94
768 94
769 94
770 94
771 94
772 94
773 94
774 94
775 94
776 94
777 94
778 94
779 94
780 94
781 94
782 94
783 94
784 94
785 94
786 94
787 94
788 94
789 94
790 94
791 94
792 94
793 94
794 94
795 94
796 94
797 94
798 94
799 94
800 94
801 94
802 94
803 94
804 94
805 94
806 94
807 94
808 94
809 94
810 94
811 94
812 94
813 94
814 94
815 94
816 94